[us.jpeg]
filters=Holga=1,70.000000,30.000000,0.000000;sepia=1;warm=1;bw=1;bw=1;
moddate=000032be79cc0000
width=604
height=453
textactive=0
