[us.jpeg]
backuphash=19275
[ns.jpg]
text=1;149;14;Shaky and Nima;Hiragino Sans GB W3;0.292786,0.762846,0.038889,0.000000;v1,4294967295,4281192750,128.000000,1.000000,0.500000,1.000000,400,2,49152;;
backuphash=43419
textactive=1
